00000000.png 1 81 45 175 67
00000001.png 1 27 41 228 90
00000002.png 1 77 63 179 86
00000003.png 1 67 46 190 71
00000004.png 1 23 37 236 87
00000005.png 1 1 28 255 100
00000006.png 1 6 38 250 89
00000007.png 1 39 44 217 83
00000008.png 1 28 43 228 89
00000009.png 1 48 50 207 85
00000010.png 1 39 79 233 119
00000011.png 1 60 12 205 46
00000012.png 1 21 40 235 87
00000013.png 1 80 53 187 75
00000014.png 1 1 28 255 91
00000015.png 1 50 26 206 65
00000016.png 1 64 50 192 80
00000017.png 1 1 67 235 115
00000018.png 1 22 44 234 88
00000019.png 1 1 51 255 104
00000020.png 1 1 34 255 90
00000021.png 1 5 33 248 95
00000022.png 1 1 33 255 99
00000023.png 1 28 39 229 91
00000024.png 1 1 35 253 93
00000025.png 1 44 58 140 80
00000026.png 1 1 57 255 113
00000027.png 1 86 59 170 75
00000028.png 1 19 38 236 90
00000029.png 1 147 55 226 73
00000030.png 1 2 31 253 89
00000031.png 1 103 11 209 36
00000032.png 1 1 32 255 95
00000033.png 1 120 56 208 73
00000034.png 1 33 30 224 75
00000035.png 1 77 62 178 87
00000036.png 1 1 7 255 75
00000037.png 1 60 50 235 88
00000038.png 1 13 34 212 79
00000039.png 1 1 31 255 98
00000040.png 1 1 35 255 92
00000041.png 1 29 16 192 51
00000042.png 1 1 10 255 72
00000043.png 1 54 47 186 75
00000044.png 1 12 40 243 88
00000045.png 1 1 32 255 96
00000046.png 1 1 33 255 94
00000047.png 1 11 25 244 76
00000048.png 1 26 43 200 87
00000049.png 1 35 40 221 87
00000050.png 1 1 35 236 93
00000051.png 1 74 39 183 65
00000052.png 1 1 32 255 97
00000053.png 1 27 51 228 100
00000054.png 1 34 17 189 56
00000055.png 1 14 40 242 87
00000056.png 1 19 37 237 90
00000057.png 1 62 55 194 83
00000058.png 1 2 38 240 86
00000059.png 1 32 44 229 83
00000060.png 1 39 41 228 87
00000061.png 1 44 43 212 85
00000062.png 1 73 52 183 76
00000063.png 1 53 50 205 87
00000064.png 1 1 31 255 85
00000065.png 1 37 42 216 86
00000066.png 1 40 46 218 82
00000067.png 1 39 43 217 84
00000068.png 1 160 53 255 75
00000069.png 1 88 56 167 74
00000070.png 1 5 39 230 91
00000071.png 1 56 84 199 119
00000072.png 1 6 60 250 116
00000073.png 1 75 54 181 76
00000074.png 1 2 35 254 93
00000075.png 1 76 46 215 78
00000076.png 1 68 48 184 77
00000077.png 1 1 33 255 94
00000078.png 1 88 55 165 72
00000079.png 1 1 41 255 107
00000080.png 1 4 36 241 92
00000081.png 1 17 41 238 87
00000082.png 1 56 51 204 84
00000083.png 1 50 44 216 85
00000084.png 1 1 22 255 83
00000085.png 1 1 34 255 105
00000086.png 1 1 33 255 96
00000087.png 1 163 62 250 82
00000088.png 1 2 32 254 96
00000089.png 1 51 47 210 84
00000090.png 1 1 19 255 89
00000091.png 1 59 46 197 76
00000092.png 1 12 34 243 92
00000093.png 1 1 34 255 94
00000094.png 1 42 50 208 88
00000095.png 1 10 38 244 90
00000096.png 1 63 64 200 94
00000097.png 1 59 45 197 78
00000098.png 1 10 48 158 85
00000099.png 1 63 62 192 91
